{"cells":[{"cell_type":"code","execution_count":21,"metadata":{"colab":{"base_uri":"https://localhost:8080/"},"id":"qeI_JwoMg_fa","outputId":"92424d96-15a9-4cb8-f21d-b4b80aa51aba","executionInfo":{"status":"ok","timestamp":1654365282320,"user_tz":-540,"elapsed":4604,"user":{"displayName":"김성윤","userId":"09187544673822150877"}}},"outputs":[{"output_type":"stream","name":"stdout","text":["Drive already mounted at /content/gdrive; to attempt to forcibly remount, call drive.mount(\"/content/gdrive\", force_remount=True).\n","/content/gdrive/MyDrive/Colab Notebooks\n"]}],"source":["from google.colab import drive\n","drive.mount('/content/gdrive')\n","%cd \"/content/gdrive/MyDrive/Colab Notebooks\"\n","\n","import pandas as pd\n","from lightgbm import LGBMClassifier, LGBMRegressor\n","import numpy as np\n","import matplotlib.pyplot as plt\n","from sklearn.model_selection import train_test_split\n","from sklearn.metrics import r2_score\n","import lightgbm as lgb\n","from lightgbm import plot_importance\n","from sklearn import metrics\n","import xgboost as xgb\n","from sklearn.metrics import accuracy_score, f1_score\n","from sklearn.naive_bayes import GaussianNB\n","from sklearn.linear_model import LogisticRegression\n","from sklearn.tree import DecisionTreeClassifier\n","from sklearn.linear_model import SGDClassifier\n","from sklearn.neighbors import KNeighborsClassifier\n","from sklearn.ensemble import RandomForestClassifier, RandomForestRegressor\n","from sklearn.ensemble import GradientBoostingClassifier, GradientBoostingRegressor\n","from sklearn.ensemble import ExtraTreesRegressor\n","from tqdm import tqdm\n","from sklearn.ensemble import VotingClassifier\n","from sklearn.linear_model import LogisticRegression"]},{"cell_type":"code","execution_count":22,"metadata":{"id":"yR9gaqn2nfwZ","executionInfo":{"status":"ok","timestamp":1654365288700,"user_tz":-540,"elapsed":1252,"user":{"displayName":"김성윤","userId":"09187544673822150877"}}},"outputs":[],"source":["df = pd.read_csv(\"train_공개.csv\")\n","df=df.drop([\"id\"],axis=1)\n","df=df.astype('float')"]},{"cell_type":"code","execution_count":3,"metadata":{"id":"shuWvkjFnohc","executionInfo":{"status":"ok","timestamp":1654354078349,"user_tz":-540,"elapsed":2537,"user":{"displayName":"김성윤","userId":"09187544673822150877"}}},"outputs":[],"source":["for i in range(len(df)):\n","    if df[\"이완기 혈압\"].iloc[i] >= 1000:\n","        df[\"이완기 혈압\"].iloc[i] = (df[\"이완기 혈압\"].iloc[i])/10\n","        \n","for i in range(len(df)):\n","    if df[\"수축기 혈압\"].iloc[i] >= 1000:\n","        df[\"수축기 혈압\"].iloc[i] = (df[\"수축기 혈압\"].iloc[i])/10\n","                \n","        \n","        \n","for i in range(len(df)):\n","    if df[\"이완기 혈압\"].iloc[i] < 0:\n","        df[\"이완기 혈압\"].iloc[i] = (df[\"이완기 혈압\"].iloc[i])*(-1)\n","\n","for i in range(len(df)):\n","    if df[\"수축기 혈압\"].iloc[i] < 0:\n","        df[\"수축기 혈압\"].iloc[i] = (df[\"수축기 혈압\"].iloc[i])*(-1)\n","        \n","      \n","        \n","        \n"]},{"cell_type":"code","execution_count":4,"metadata":{"colab":{"base_uri":"https://localhost:8080/","height":364},"id":"GDP9Keg1TMyF","outputId":"e81e43b6-4452-4478-863f-4ebfe945355c","executionInfo":{"status":"ok","timestamp":1654354080612,"user_tz":-540,"elapsed":505,"user":{"displayName":"김성윤","userId":"09187544673822150877"}}},"outputs":[{"output_type":"execute_result","data":{"text/plain":["                 나이            성별             키           몸무게        수축기 혈압  \\\n","count  60000.000000  60000.000000  60000.000000  60000.000000  60000.000000   \n","mean   19468.299417      1.349317    164.356983     74.226097    127.033877   \n","std     2465.005682      0.476758      8.220935     14.398333     26.059128   \n","min    10859.000000      1.000000     57.000000     10.000000      1.000000   \n","25%    17666.000000      1.000000    159.000000     65.000000    120.000000   \n","50%    19702.000000      1.000000    165.000000     72.000000    120.000000   \n","75%    21324.000000      2.000000    170.000000     82.000000    140.000000   \n","max    23713.000000      2.000000    250.000000    200.000000   1602.000000   \n","\n","             이완기 혈압         콜레스테롤           포도당            흡연            음주  \\\n","count  60000.000000  60000.000000  60000.000000  60000.000000  60000.000000   \n","mean      82.158950      1.366150      1.226883      0.087750      0.053517   \n","std       22.957416      0.679234      0.572433      0.282933      0.225063   \n","min        0.000000      1.000000      1.000000      0.000000      0.000000   \n","25%       80.000000      1.000000      1.000000      0.000000      0.000000   \n","50%       80.000000      1.000000      1.000000      0.000000      0.000000   \n","75%       90.000000      2.000000      1.000000      0.000000      0.000000   \n","max     1100.000000      3.000000      3.000000      1.000000      1.000000   \n","\n","               신체활동         label  \n","count  60000.000000  60000.000000  \n","mean       0.804483      0.499700  \n","std        0.396601      0.500004  \n","min        0.000000      0.000000  \n","25%        1.000000      0.000000  \n","50%        1.000000      0.000000  \n","75%        1.000000      1.000000  \n","max        1.000000      1.000000  "],"text/html":["\n","  <div id=\"df-c33b5c11-2aca-4197-99b1-5e68ec0e218c\">\n","    <div class=\"colab-df-container\">\n","      <div>\n","<style scoped>\n","    .dataframe tbody tr th:only-of-type {\n","        vertical-align: middle;\n","    }\n","\n","    .dataframe tbody tr th {\n","        vertical-align: top;\n","    }\n","\n","    .dataframe thead th {\n","        text-align: right;\n","    }\n","</style>\n","<table border=\"1\" class=\"dataframe\">\n","  <thead>\n","    <tr style=\"text-align: right;\">\n","      <th></th>\n","      <th>나이</th>\n","      <th>성별</th>\n","      <th>키</th>\n","      <th>몸무게</th>\n","      <th>수축기 혈압</th>\n","      <th>이완기 혈압</th>\n","      <th>콜레스테롤</th>\n","      <th>포도당</th>\n","      <th>흡연</th>\n","      <th>음주</th>\n","      <th>신체활동</th>\n","      <th>label</th>\n","    </tr>\n","  </thead>\n","  <tbody>\n","    <tr>\n","      <th>count</th>\n","      <td>60000.000000</td>\n","      <td>60000.000000</td>\n","      <td>60000.000000</td>\n","      <td>60000.000000</td>\n","      <td>60000.000000</td>\n","      <td>60000.000000</td>\n","      <td>60000.000000</td>\n","      <td>60000.000000</td>\n","      <td>60000.000000</td>\n","      <td>60000.000000</td>\n","      <td>60000.000000</td>\n","      <td>60000.000000</td>\n","    </tr>\n","    <tr>\n","      <th>mean</th>\n","      <td>19468.299417</td>\n","      <td>1.349317</td>\n","      <td>164.356983</td>\n","      <td>74.226097</td>\n","      <td>127.033877</td>\n","      <td>82.158950</td>\n","      <td>1.366150</td>\n","      <td>1.226883</td>\n","      <td>0.087750</td>\n","      <td>0.053517</td>\n","      <td>0.804483</td>\n","      <td>0.499700</td>\n","    </tr>\n","    <tr>\n","      <th>std</th>\n","      <td>2465.005682</td>\n","      <td>0.476758</td>\n","      <td>8.220935</td>\n","      <td>14.398333</td>\n","      <td>26.059128</td>\n","      <td>22.957416</td>\n","      <td>0.679234</td>\n","      <td>0.572433</td>\n","      <td>0.282933</td>\n","      <td>0.225063</td>\n","      <td>0.396601</td>\n","      <td>0.500004</td>\n","    </tr>\n","    <tr>\n","      <th>min</th>\n","      <td>10859.000000</td>\n","      <td>1.000000</td>\n","      <td>57.000000</td>\n","      <td>10.000000</td>\n","      <td>1.000000</td>\n","      <td>0.000000</td>\n","      <td>1.000000</td>\n","      <td>1.000000</td>\n","      <td>0.000000</td>\n","      <td>0.000000</td>\n","      <td>0.000000</td>\n","      <td>0.000000</td>\n","    </tr>\n","    <tr>\n","      <th>25%</th>\n","      <td>17666.000000</td>\n","      <td>1.000000</td>\n","      <td>159.000000</td>\n","      <td>65.000000</td>\n","      <td>120.000000</td>\n","      <td>80.000000</td>\n","      <td>1.000000</td>\n","      <td>1.000000</td>\n","      <td>0.000000</td>\n","      <td>0.000000</td>\n","      <td>1.000000</td>\n","      <td>0.000000</td>\n","    </tr>\n","    <tr>\n","      <th>50%</th>\n","      <td>19702.000000</td>\n","      <td>1.000000</td>\n","      <td>165.000000</td>\n","      <td>72.000000</td>\n","      <td>120.000000</td>\n","      <td>80.000000</td>\n","      <td>1.000000</td>\n","      <td>1.000000</td>\n","      <td>0.000000</td>\n","      <td>0.000000</td>\n","      <td>1.000000</td>\n","      <td>0.000000</td>\n","    </tr>\n","    <tr>\n","      <th>75%</th>\n","      <td>21324.000000</td>\n","      <td>2.000000</td>\n","      <td>170.000000</td>\n","      <td>82.000000</td>\n","      <td>140.000000</td>\n","      <td>90.000000</td>\n","      <td>2.000000</td>\n","      <td>1.000000</td>\n","      <td>0.000000</td>\n","      <td>0.000000</td>\n","      <td>1.000000</td>\n","      <td>1.000000</td>\n","    </tr>\n","    <tr>\n","      <th>max</th>\n","      <td>23713.000000</td>\n","      <td>2.000000</td>\n","      <td>250.000000</td>\n","      <td>200.000000</td>\n","      <td>1602.000000</td>\n","      <td>1100.000000</td>\n","      <td>3.000000</td>\n","      <td>3.000000</td>\n","      <td>1.000000</td>\n","      <td>1.000000</td>\n","      <td>1.000000</td>\n","      <td>1.000000</td>\n","    </tr>\n","  </tbody>\n","</table>\n","</div>\n","      <button class=\"colab-df-convert\" onclick=\"convertToInteractive('df-c33b5c11-2aca-4197-99b1-5e68ec0e218c')\"\n","              title=\"Convert this dataframe to an interactive table.\"\n","              style=\"display:none;\">\n","        \n","  <svg xmlns=\"http://www.w3.org/2000/svg\" height=\"24px\"viewBox=\"0 0 24 24\"\n","       width=\"24px\">\n","    <path d=\"M0 0h24v24H0V0z\" fill=\"none\"/>\n","    <path d=\"M18.56 5.44l.94 2.06.94-2.06 2.06-.94-2.06-.94-.94-2.06-.94 2.06-2.06.94zm-11 1L8.5 8.5l.94-2.06 2.06-.94-2.06-.94L8.5 2.5l-.94 2.06-2.06.94zm10 10l.94 2.06.94-2.06 2.06-.94-2.06-.94-.94-2.06-.94 2.06-2.06.94z\"/><path d=\"M17.41 7.96l-1.37-1.37c-.4-.4-.92-.59-1.43-.59-.52 0-1.04.2-1.43.59L10.3 9.45l-7.72 7.72c-.78.78-.78 2.05 0 2.83L4 21.41c.39.39.9.59 1.41.59.51 0 1.02-.2 1.41-.59l7.78-7.78 2.81-2.81c.8-.78.8-2.07 0-2.86zM5.41 20L4 18.59l7.72-7.72 1.47 1.35L5.41 20z\"/>\n","  </svg>\n","      </button>\n","      \n","  <style>\n","    .colab-df-container {\n","      display:flex;\n","      flex-wrap:wrap;\n","      gap: 12px;\n","    }\n","\n","    .colab-df-convert {\n","      background-color: #E8F0FE;\n","      border: none;\n","      border-radius: 50%;\n","      cursor: pointer;\n","      display: none;\n","      fill: #1967D2;\n","      height: 32px;\n","      padding: 0 0 0 0;\n","      width: 32px;\n","    }\n","\n","    .colab-df-convert:hover {\n","      background-color: #E2EBFA;\n","      box-shadow: 0px 1px 2px rgba(60, 64, 67, 0.3), 0px 1px 3px 1px rgba(60, 64, 67, 0.15);\n","      fill: #174EA6;\n","    }\n","\n","    [theme=dark] .colab-df-convert {\n","      background-color: #3B4455;\n","      fill: #D2E3FC;\n","    }\n","\n","    [theme=dark] .colab-df-convert:hover {\n","      background-color: #434B5C;\n","      box-shadow: 0px 1px 3px 1px rgba(0, 0, 0, 0.15);\n","      filter: drop-shadow(0px 1px 2px rgba(0, 0, 0, 0.3));\n","      fill: #FFFFFF;\n","    }\n","  </style>\n","\n","      <script>\n","        const buttonEl =\n","          document.querySelector('#df-c33b5c11-2aca-4197-99b1-5e68ec0e218c button.colab-df-convert');\n","        buttonEl.style.display =\n","          google.colab.kernel.accessAllowed ? 'block' : 'none';\n","\n","        async function convertToInteractive(key) {\n","          const element = document.querySelector('#df-c33b5c11-2aca-4197-99b1-5e68ec0e218c');\n","          const dataTable =\n","            await google.colab.kernel.invokeFunction('convertToInteractive',\n","                                                     [key], {});\n","          if (!dataTable) return;\n","\n","          const docLinkHtml = 'Like what you see? Visit the ' +\n","            '<a target=\"_blank\" href=https://colab.research.google.com/notebooks/data_table.ipynb>data table notebook</a>'\n","            + ' to learn more about interactive tables.';\n","          element.innerHTML = '';\n","          dataTable['output_type'] = 'display_data';\n","          await google.colab.output.renderOutput(dataTable, element);\n","          const docLink = document.createElement('div');\n","          docLink.innerHTML = docLinkHtml;\n","          element.appendChild(docLink);\n","        }\n","      </script>\n","    </div>\n","  </div>\n","  "]},"metadata":{},"execution_count":4}],"source":["a=df.columns\n","for i in range(len(a)):\n","    df=df.dropna(subset=[a[i]])\n","df.describe()"]},{"cell_type":"code","execution_count":24,"metadata":{"id":"u_8l0GMOK0dR","executionInfo":{"status":"ok","timestamp":1654365447604,"user_tz":-540,"elapsed":323,"user":{"displayName":"김성윤","userId":"09187544673822150877"}}},"outputs":[],"source":["df = df.drop(index=df[df['수축기 혈압']>200].index)\n","df = df.drop(index=df[df['수축기 혈압']<=40].index)\n","df = df.drop(index=df[df['이완기 혈압']>150].index)\n","df = df.drop(index=df[df['이완기 혈압']<=30].index)\n","df = df.drop(index=df[df['키']>210].index)\n","df = df.drop(index=df[df['몸무게']>200].index)\n","df[\"BMI\"] = df[\"몸무게\"]/((df[\"키\"]/100)**2)\n","df[\"콜흡\"] = df[\"콜레스테롤\"] * df[\"흡연\"]\n","df[\"콜음\"] = df[\"콜레스테롤\"] * df[\"음주\"]\n","df[\"콜포\"] = df[\"콜레스테롤\"] * df[\"포도당\"]\n","df[\"차\"] = df[\"수축기 혈압\"] - df[\"이완기 혈압\"] "]},{"cell_type":"code","execution_count":25,"metadata":{"colab":{"base_uri":"https://localhost:8080/","height":520},"id":"J5HjdJnKK0dS","executionInfo":{"status":"ok","timestamp":1654365449302,"user_tz":-540,"elapsed":291,"user":{"displayName":"김성윤","userId":"09187544673822150877"}},"outputId":"2f4299c0-d847-4416-f904-1f7ae7df2359"},"outputs":[{"output_type":"execute_result","data":{"text/plain":["            나이   성별      키    몸무게  수축기 혈압  이완기 혈압  콜레스테롤  포도당   흡연   음주  신체활동  \\\n","0      18371.0  2.0  172.0  104.0   156.0    96.0    1.0  1.0  0.0  0.0   0.0   \n","1      14455.0  1.0  164.0   62.0   110.0    70.0    1.0  1.0  0.0  0.0   1.0   \n","2      17533.0  2.0  177.0   86.0   120.0    80.0    1.0  1.0  0.0  0.0   1.0   \n","3      16010.0  2.0  175.0   88.0   120.0    80.0    1.0  1.0  0.0  0.0   1.0   \n","4      16091.0  1.0  165.0   88.0   130.0    90.0    1.0  1.0  0.0  0.0   0.0   \n","...        ...  ...    ...    ...     ...     ...    ...  ...  ...  ...   ...   \n","59995  18215.0  1.0  174.0   73.0   110.0    70.0    2.0  1.0  0.0  0.0   1.0   \n","59996  21979.0  2.0  169.0   68.0   120.0    80.0    1.0  3.0  0.0  1.0   1.0   \n","59997  14557.0  2.0  178.0   87.0   110.0    70.0    2.0  1.0  1.0  0.0   1.0   \n","59998  18842.0  2.0  168.0   62.0   110.0    70.0    2.0  1.0  0.0  0.0   1.0   \n","59999  16830.0  1.0  164.0   75.0   120.0    80.0    1.0  1.0  0.0  0.0   1.0   \n","\n","       label        BMI   콜흡   콜음   콜포     차  \n","0        1.0  35.154137  0.0  0.0  1.0  60.0  \n","1        0.0  23.051755  0.0  0.0  1.0  40.0  \n","2        0.0  27.450605  0.0  0.0  1.0  40.0  \n","3        1.0  28.734694  0.0  0.0  1.0  40.0  \n","4        0.0  32.323232  0.0  0.0  1.0  40.0  \n","...      ...        ...  ...  ...  ...   ...  \n","59995    1.0  24.111507  0.0  0.0  2.0  40.0  \n","59996    0.0  23.808690  0.0  1.0  3.0  40.0  \n","59997    1.0  27.458654  2.0  0.0  2.0  40.0  \n","59998    0.0  21.967120  0.0  0.0  2.0  40.0  \n","59999    1.0  27.885187  0.0  0.0  1.0  40.0  \n","\n","[58879 rows x 17 columns]"],"text/html":["\n","  <div id=\"df-8b566636-a6e0-4936-a2fa-9a672858b016\">\n","    <div class=\"colab-df-container\">\n","      <div>\n","<style scoped>\n","    .dataframe tbody tr th:only-of-type {\n","        vertical-align: middle;\n","    }\n","\n","    .dataframe tbody tr th {\n","        vertical-align: top;\n","    }\n","\n","    .dataframe thead th {\n","        text-align: right;\n","    }\n","</style>\n","<table border=\"1\" class=\"dataframe\">\n","  <thead>\n","    <tr style=\"text-align: right;\">\n","      <th></th>\n","      <th>나이</th>\n","      <th>성별</th>\n","      <th>키</th>\n","      <th>몸무게</th>\n","      <th>수축기 혈압</th>\n","      <th>이완기 혈압</th>\n","      <th>콜레스테롤</th>\n","      <th>포도당</th>\n","      <th>흡연</th>\n","      <th>음주</th>\n","      <th>신체활동</th>\n","      <th>label</th>\n","      <th>BMI</th>\n","      <th>콜흡</th>\n","      <th>콜음</th>\n","      <th>콜포</th>\n","      <th>차</th>\n","    </tr>\n","  </thead>\n","  <tbody>\n","    <tr>\n","      <th>0</th>\n","      <td>18371.0</td>\n","      <td>2.0</td>\n","      <td>172.0</td>\n","      <td>104.0</td>\n","      <td>156.0</td>\n","      <td>96.0</td>\n","      <td>1.0</td>\n","      <td>1.0</td>\n","      <td>0.0</td>\n","      <td>0.0</td>\n","      <td>0.0</td>\n","      <td>1.0</td>\n","      <td>35.154137</td>\n","      <td>0.0</td>\n","      <td>0.0</td>\n","      <td>1.0</td>\n","      <td>60.0</td>\n","    </tr>\n","    <tr>\n","      <th>1</th>\n","      <td>14455.0</td>\n","      <td>1.0</td>\n","      <td>164.0</td>\n","      <td>62.0</td>\n","      <td>110.0</td>\n","      <td>70.0</td>\n","      <td>1.0</td>\n","      <td>1.0</td>\n","      <td>0.0</td>\n","      <td>0.0</td>\n","      <td>1.0</td>\n","      <td>0.0</td>\n","      <td>23.051755</td>\n","      <td>0.0</td>\n","      <td>0.0</td>\n","      <td>1.0</td>\n","      <td>40.0</td>\n","    </tr>\n","    <tr>\n","      <th>2</th>\n","      <td>17533.0</td>\n","      <td>2.0</td>\n","      <td>177.0</td>\n","      <td>86.0</td>\n","      <td>120.0</td>\n","      <td>80.0</td>\n","      <td>1.0</td>\n","      <td>1.0</td>\n","      <td>0.0</td>\n","      <td>0.0</td>\n","      <td>1.0</td>\n","      <td>0.0</td>\n","      <td>27.450605</td>\n","      <td>0.0</td>\n","      <td>0.0</td>\n","      <td>1.0</td>\n","      <td>40.0</td>\n","    </tr>\n","    <tr>\n","      <th>3</th>\n","      <td>16010.0</td>\n","      <td>2.0</td>\n","      <td>175.0</td>\n","      <td>88.0</td>\n","      <td>120.0</td>\n","      <td>80.0</td>\n","      <td>1.0</td>\n","      <td>1.0</td>\n","      <td>0.0</td>\n","      <td>0.0</td>\n","      <td>1.0</td>\n","      <td>1.0</td>\n","      <td>28.734694</td>\n","      <td>0.0</td>\n","      <td>0.0</td>\n","      <td>1.0</td>\n","      <td>40.0</td>\n","    </tr>\n","    <tr>\n","      <th>4</th>\n","      <td>16091.0</td>\n","      <td>1.0</td>\n","      <td>165.0</td>\n","      <td>88.0</td>\n","      <td>130.0</td>\n","      <td>90.0</td>\n","      <td>1.0</td>\n","      <td>1.0</td>\n","      <td>0.0</td>\n","      <td>0.0</td>\n","      <td>0.0</td>\n","      <td>0.0</td>\n","      <td>32.323232</td>\n","      <td>0.0</td>\n","      <td>0.0</td>\n","      <td>1.0</td>\n","      <td>40.0</td>\n","    </tr>\n","    <tr>\n","      <th>...</th>\n","      <td>...</td>\n","      <td>...</td>\n","      <td>...</td>\n","      <td>...</td>\n","      <td>...</td>\n","      <td>...</td>\n","      <td>...</td>\n","      <td>...</td>\n","      <td>...</td>\n","      <td>...</td>\n","      <td>...</td>\n","      <td>...</td>\n","      <td>...</td>\n","      <td>...</td>\n","      <td>...</td>\n","      <td>...</td>\n","      <td>...</td>\n","    </tr>\n","    <tr>\n","      <th>59995</th>\n","      <td>18215.0</td>\n","      <td>1.0</td>\n","      <td>174.0</td>\n","      <td>73.0</td>\n","      <td>110.0</td>\n","      <td>70.0</td>\n","      <td>2.0</td>\n","      <td>1.0</td>\n","      <td>0.0</td>\n","      <td>0.0</td>\n","      <td>1.0</td>\n","      <td>1.0</td>\n","      <td>24.111507</td>\n","      <td>0.0</td>\n","      <td>0.0</td>\n","      <td>2.0</td>\n","      <td>40.0</td>\n","    </tr>\n","    <tr>\n","      <th>59996</th>\n","      <td>21979.0</td>\n","      <td>2.0</td>\n","      <td>169.0</td>\n","      <td>68.0</td>\n","      <td>120.0</td>\n","      <td>80.0</td>\n","      <td>1.0</td>\n","      <td>3.0</td>\n","      <td>0.0</td>\n","      <td>1.0</td>\n","      <td>1.0</td>\n","      <td>0.0</td>\n","      <td>23.808690</td>\n","      <td>0.0</td>\n","      <td>1.0</td>\n","      <td>3.0</td>\n","      <td>40.0</td>\n","    </tr>\n","    <tr>\n","      <th>59997</th>\n","      <td>14557.0</td>\n","      <td>2.0</td>\n","      <td>178.0</td>\n","      <td>87.0</td>\n","      <td>110.0</td>\n","      <td>70.0</td>\n","      <td>2.0</td>\n","      <td>1.0</td>\n","      <td>1.0</td>\n","      <td>0.0</td>\n","      <td>1.0</td>\n","      <td>1.0</td>\n","      <td>27.458654</td>\n","      <td>2.0</td>\n","      <td>0.0</td>\n","      <td>2.0</td>\n","      <td>40.0</td>\n","    </tr>\n","    <tr>\n","      <th>59998</th>\n","      <td>18842.0</td>\n","      <td>2.0</td>\n","      <td>168.0</td>\n","      <td>62.0</td>\n","      <td>110.0</td>\n","      <td>70.0</td>\n","      <td>2.0</td>\n","      <td>1.0</td>\n","      <td>0.0</td>\n","      <td>0.0</td>\n","      <td>1.0</td>\n","      <td>0.0</td>\n","      <td>21.967120</td>\n","      <td>0.0</td>\n","      <td>0.0</td>\n","      <td>2.0</td>\n","      <td>40.0</td>\n","    </tr>\n","    <tr>\n","      <th>59999</th>\n","      <td>16830.0</td>\n","      <td>1.0</td>\n","      <td>164.0</td>\n","      <td>75.0</td>\n","      <td>120.0</td>\n","      <td>80.0</td>\n","      <td>1.0</td>\n","      <td>1.0</td>\n","      <td>0.0</td>\n","      <td>0.0</td>\n","      <td>1.0</td>\n","      <td>1.0</td>\n","      <td>27.885187</td>\n","      <td>0.0</td>\n","      <td>0.0</td>\n","      <td>1.0</td>\n","      <td>40.0</td>\n","    </tr>\n","  </tbody>\n","</table>\n","<p>58879 rows × 17 columns</p>\n","</div>\n","      <button class=\"colab-df-convert\" onclick=\"convertToInteractive('df-8b566636-a6e0-4936-a2fa-9a672858b016')\"\n","              title=\"Convert this dataframe to an interactive table.\"\n","              style=\"display:none;\">\n","        \n","  <svg xmlns=\"http://www.w3.org/2000/svg\" height=\"24px\"viewBox=\"0 0 24 24\"\n","       width=\"24px\">\n","    <path d=\"M0 0h24v24H0V0z\" fill=\"none\"/>\n","    <path d=\"M18.56 5.44l.94 2.06.94-2.06 2.06-.94-2.06-.94-.94-2.06-.94 2.06-2.06.94zm-11 1L8.5 8.5l.94-2.06 2.06-.94-2.06-.94L8.5 2.5l-.94 2.06-2.06.94zm10 10l.94 2.06.94-2.06 2.06-.94-2.06-.94-.94-2.06-.94 2.06-2.06.94z\"/><path d=\"M17.41 7.96l-1.37-1.37c-.4-.4-.92-.59-1.43-.59-.52 0-1.04.2-1.43.59L10.3 9.45l-7.72 7.72c-.78.78-.78 2.05 0 2.83L4 21.41c.39.39.9.59 1.41.59.51 0 1.02-.2 1.41-.59l7.78-7.78 2.81-2.81c.8-.78.8-2.07 0-2.86zM5.41 20L4 18.59l7.72-7.72 1.47 1.35L5.41 20z\"/>\n","  </svg>\n","      </button>\n","      \n","  <style>\n","    .colab-df-container {\n","      display:flex;\n","      flex-wrap:wrap;\n","      gap: 12px;\n","    }\n","\n","    .colab-df-convert {\n","      background-color: #E8F0FE;\n","      border: none;\n","      border-radius: 50%;\n","      cursor: pointer;\n","      display: none;\n","      fill: #1967D2;\n","      height: 32px;\n","      padding: 0 0 0 0;\n","      width: 32px;\n","    }\n","\n","    .colab-df-convert:hover {\n","      background-color: #E2EBFA;\n","      box-shadow: 0px 1px 2px rgba(60, 64, 67, 0.3), 0px 1px 3px 1px rgba(60, 64, 67, 0.15);\n","      fill: #174EA6;\n","    }\n","\n","    [theme=dark] .colab-df-convert {\n","      background-color: #3B4455;\n","      fill: #D2E3FC;\n","    }\n","\n","    [theme=dark] .colab-df-convert:hover {\n","      background-color: #434B5C;\n","      box-shadow: 0px 1px 3px 1px rgba(0, 0, 0, 0.15);\n","      filter: drop-shadow(0px 1px 2px rgba(0, 0, 0, 0.3));\n","      fill: #FFFFFF;\n","    }\n","  </style>\n","\n","      <script>\n","        const buttonEl =\n","          document.querySelector('#df-8b566636-a6e0-4936-a2fa-9a672858b016 button.colab-df-convert');\n","        buttonEl.style.display =\n","          google.colab.kernel.accessAllowed ? 'block' : 'none';\n","\n","        async function convertToInteractive(key) {\n","          const element = document.querySelector('#df-8b566636-a6e0-4936-a2fa-9a672858b016');\n","          const dataTable =\n","            await google.colab.kernel.invokeFunction('convertToInteractive',\n","                                                     [key], {});\n","          if (!dataTable) return;\n","\n","          const docLinkHtml = 'Like what you see? Visit the ' +\n","            '<a target=\"_blank\" href=https://colab.research.google.com/notebooks/data_table.ipynb>data table notebook</a>'\n","            + ' to learn more about interactive tables.';\n","          element.innerHTML = '';\n","          dataTable['output_type'] = 'display_data';\n","          await google.colab.output.renderOutput(dataTable, element);\n","          const docLink = document.createElement('div');\n","          docLink.innerHTML = docLinkHtml;\n","          element.appendChild(docLink);\n","        }\n","      </script>\n","    </div>\n","  </div>\n","  "]},"metadata":{},"execution_count":25}],"source":["df"]},{"cell_type":"code","source":["df.corr()"],"metadata":{"colab":{"base_uri":"https://localhost:8080/","height":820},"id":"zlBb6rGg3BFH","executionInfo":{"status":"ok","timestamp":1654365452600,"user_tz":-540,"elapsed":301,"user":{"displayName":"김성윤","userId":"09187544673822150877"}},"outputId":"0ce49fbe-50b2-4398-8841-aeccb5032127"},"execution_count":26,"outputs":[{"output_type":"execute_result","data":{"text/plain":["              나이        성별         키       몸무게    수축기 혈압    이완기 혈압     콜레스테롤  \\\n","나이      1.000000 -0.024120 -0.081436  0.054890  0.212177  0.156408  0.155357   \n","성별     -0.024120  1.000000  0.499404  0.154180  0.056929  0.065692 -0.037638   \n","키      -0.081436  0.499404  1.000000  0.287118  0.015959  0.036410 -0.049848   \n","몸무게     0.054890  0.154180  0.287118  1.000000  0.271395  0.253691  0.138775   \n","수축기 혈압  0.212177  0.056929  0.015959  0.271395  1.000000  0.704880  0.192318   \n","이완기 혈압  0.156408  0.065692  0.036410  0.253691  0.704880  1.000000  0.158176   \n","콜레스테롤   0.155357 -0.037638 -0.049848  0.138775  0.192318  0.158176  1.000000   \n","포도당     0.097928 -0.023861 -0.020063  0.103667  0.091096  0.073539  0.451087   \n","흡연     -0.047990  0.340731  0.189827  0.066928  0.023261  0.022724  0.009540   \n","음주     -0.026675  0.170944  0.094175  0.067080  0.030900  0.038927  0.036357   \n","신체활동   -0.007518  0.004677 -0.009684 -0.017981 -0.000665  0.001492  0.009915   \n","label   0.243478  0.004545 -0.013220  0.181369  0.428702  0.340457  0.221720   \n","BMI     0.084819 -0.097685 -0.294092  0.763848  0.233594  0.208569  0.142676   \n","콜흡     -0.021448  0.296663  0.168638  0.078456  0.045341  0.043760  0.143484   \n","콜음     -0.003278  0.142030  0.078702  0.079118  0.051258  0.057467  0.144686   \n","콜포      0.135889 -0.036415 -0.036858  0.120268  0.142021  0.118060  0.795073   \n","차       0.169789  0.026696 -0.006820  0.174544  0.825878  0.182192  0.140854   \n","\n","             포도당        흡연        음주      신체활동     label       BMI        콜흡  \\\n","나이      0.097928 -0.047990 -0.026675 -0.007518  0.243478  0.084819 -0.021448   \n","성별     -0.023861  0.340731  0.170944  0.004677  0.004545 -0.097685  0.296663   \n","키      -0.020063  0.189827  0.094175 -0.009684 -0.013220 -0.294092  0.168638   \n","몸무게     0.103667  0.066928  0.067080 -0.017981  0.181369  0.763848  0.078456   \n","수축기 혈압  0.091096  0.023261  0.030900 -0.000665  0.428702  0.233594  0.045341   \n","이완기 혈압  0.073539  0.022724  0.038927  0.001492  0.340457  0.208569  0.043760   \n","콜레스테롤   0.451087  0.009540  0.036357  0.009915  0.221720  0.142676  0.143484   \n","포도당     1.000000 -0.006881  0.009715 -0.006806  0.091490  0.099087  0.040411   \n","흡연     -0.006881  1.000000  0.339448  0.023804 -0.017969 -0.028211  0.889993   \n","음주      0.009715  0.339448  1.000000  0.025121 -0.009651  0.014760  0.302365   \n","신체활동   -0.006806  0.023804  0.025121  1.000000 -0.033457 -0.013945  0.019363   \n","label   0.091490 -0.017969 -0.009651 -0.033457  1.000000  0.165462  0.017894   \n","BMI     0.099087 -0.028211  0.014760 -0.013945  0.165462  1.000000 -0.010531   \n","콜흡      0.040411  0.889993  0.302365  0.019363  0.017894 -0.010531  1.000000   \n","콜음      0.045732  0.281913  0.891154  0.020571  0.019920  0.031147  0.323137   \n","콜포      0.848543 -0.005517  0.017000 -0.001839  0.159146  0.121432  0.089949   \n","차       0.067820  0.014181  0.011890 -0.002108  0.323632  0.158013  0.028067   \n","\n","              콜음        콜포         차  \n","나이     -0.003278  0.135889  0.169789  \n","성별      0.142030 -0.036415  0.026696  \n","키       0.078702 -0.036858 -0.006820  \n","몸무게     0.079118  0.120268  0.174544  \n","수축기 혈압  0.051258  0.142021  0.825878  \n","이완기 혈압  0.057467  0.118060  0.182192  \n","콜레스테롤   0.144686  0.795073  0.140854  \n","포도당     0.045732  0.848543  0.067820  \n","흡연      0.281913 -0.005517  0.014181  \n","음주      0.891154  0.017000  0.011890  \n","신체활동    0.020571 -0.001839 -0.002108  \n","label   0.019920  0.159146  0.323632  \n","BMI     0.031147  0.121432  0.158013  \n","콜흡      0.323137  0.089949  0.028067  \n","콜음      1.000000  0.093343  0.025373  \n","콜포      0.093343  1.000000  0.103022  \n","차       0.025373  0.103022  1.000000  "],"text/html":["\n","  <div id=\"df-caa8ffe8-bdbc-447a-a130-ea2e16251cea\">\n","    <div class=\"colab-df-container\">\n","      <div>\n","<style scoped>\n","    .dataframe tbody tr th:only-of-type {\n","        vertical-align: middle;\n","    }\n","\n","    .dataframe tbody tr th {\n","        vertical-align: top;\n","    }\n","\n","    .dataframe thead th {\n","        text-align: right;\n","    }\n","</style>\n","<table border=\"1\" class=\"dataframe\">\n","  <thead>\n","    <tr style=\"text-align: right;\">\n","      <th></th>\n","      <th>나이</th>\n","      <th>성별</th>\n","      <th>키</th>\n","      <th>몸무게</th>\n","      <th>수축기 혈압</th>\n","      <th>이완기 혈압</th>\n","      <th>콜레스테롤</th>\n","      <th>포도당</th>\n","      <th>흡연</th>\n","      <th>음주</th>\n","      <th>신체활동</th>\n","      <th>label</th>\n","      <th>BMI</th>\n","      <th>콜흡</th>\n","      <th>콜음</th>\n","      <th>콜포</th>\n","      <th>차</th>\n","    </tr>\n","  </thead>\n","  <tbody>\n","    <tr>\n","      <th>나이</th>\n","      <td>1.000000</td>\n","      <td>-0.024120</td>\n","      <td>-0.081436</td>\n","      <td>0.054890</td>\n","      <td>0.212177</td>\n","      <td>0.156408</td>\n","      <td>0.155357</td>\n","      <td>0.097928</td>\n","      <td>-0.047990</td>\n","      <td>-0.026675</td>\n","      <td>-0.007518</td>\n","      <td>0.243478</td>\n","      <td>0.084819</td>\n","      <td>-0.021448</td>\n","      <td>-0.003278</td>\n","      <td>0.135889</td>\n","      <td>0.169789</td>\n","    </tr>\n","    <tr>\n","      <th>성별</th>\n","      <td>-0.024120</td>\n","      <td>1.000000</td>\n","      <td>0.499404</td>\n","      <td>0.154180</td>\n","      <td>0.056929</td>\n","      <td>0.065692</td>\n","      <td>-0.037638</td>\n","      <td>-0.023861</td>\n","      <td>0.340731</td>\n","      <td>0.170944</td>\n","      <td>0.004677</td>\n","      <td>0.004545</td>\n","      <td>-0.097685</td>\n","      <td>0.296663</td>\n","      <td>0.142030</td>\n","      <td>-0.036415</td>\n","      <td>0.026696</td>\n","    </tr>\n","    <tr>\n","      <th>키</th>\n","      <td>-0.081436</td>\n","      <td>0.499404</td>\n","      <td>1.000000</td>\n","      <td>0.287118</td>\n","      <td>0.015959</td>\n","      <td>0.036410</td>\n","      <td>-0.049848</td>\n","      <td>-0.020063</td>\n","      <td>0.189827</td>\n","      <td>0.094175</td>\n","      <td>-0.009684</td>\n","      <td>-0.013220</td>\n","      <td>-0.294092</td>\n","      <td>0.168638</td>\n","      <td>0.078702</td>\n","      <td>-0.036858</td>\n","      <td>-0.006820</td>\n","    </tr>\n","    <tr>\n","      <th>몸무게</th>\n","      <td>0.054890</td>\n","      <td>0.154180</td>\n","      <td>0.287118</td>\n","      <td>1.000000</td>\n","      <td>0.271395</td>\n","      <td>0.253691</td>\n","      <td>0.138775</td>\n","      <td>0.103667</td>\n","      <td>0.066928</td>\n","      <td>0.067080</td>\n","      <td>-0.017981</td>\n","      <td>0.181369</td>\n","      <td>0.763848</td>\n","      <td>0.078456</td>\n","      <td>0.079118</td>\n","      <td>0.120268</td>\n","      <td>0.174544</td>\n","    </tr>\n","    <tr>\n","      <th>수축기 혈압</th>\n","      <td>0.212177</td>\n","      <td>0.056929</td>\n","      <td>0.015959</td>\n","      <td>0.271395</td>\n","      <td>1.000000</td>\n","      <td>0.704880</td>\n","      <td>0.192318</td>\n","      <td>0.091096</td>\n","      <td>0.023261</td>\n","      <td>0.030900</td>\n","      <td>-0.000665</td>\n","      <td>0.428702</td>\n","      <td>0.233594</td>\n","      <td>0.045341</td>\n","      <td>0.051258</td>\n","      <td>0.142021</td>\n","      <td>0.825878</td>\n","    </tr>\n","    <tr>\n","      <th>이완기 혈압</th>\n","      <td>0.156408</td>\n","      <td>0.065692</td>\n","      <td>0.036410</td>\n","      <td>0.253691</td>\n","      <td>0.704880</td>\n","      <td>1.000000</td>\n","      <td>0.158176</td>\n","      <td>0.073539</td>\n","      <td>0.022724</td>\n","      <td>0.038927</td>\n","      <td>0.001492</td>\n","      <td>0.340457</td>\n","      <td>0.208569</td>\n","      <td>0.043760</td>\n","      <td>0.057467</td>\n","      <td>0.118060</td>\n","      <td>0.182192</td>\n","    </tr>\n","    <tr>\n","      <th>콜레스테롤</th>\n","      <td>0.155357</td>\n","      <td>-0.037638</td>\n","      <td>-0.049848</td>\n","      <td>0.138775</td>\n","      <td>0.192318</td>\n","      <td>0.158176</td>\n","      <td>1.000000</td>\n","      <td>0.451087</td>\n","      <td>0.009540</td>\n","      <td>0.036357</td>\n","      <td>0.009915</td>\n","      <td>0.221720</td>\n","      <td>0.142676</td>\n","      <td>0.143484</td>\n","      <td>0.144686</td>\n","      <td>0.795073</td>\n","      <td>0.140854</td>\n","    </tr>\n","    <tr>\n","      <th>포도당</th>\n","      <td>0.097928</td>\n","      <td>-0.023861</td>\n","      <td>-0.020063</td>\n","      <td>0.103667</td>\n","      <td>0.091096</td>\n","      <td>0.073539</td>\n","      <td>0.451087</td>\n","      <td>1.000000</td>\n","      <td>-0.006881</td>\n","      <td>0.009715</td>\n","      <td>-0.006806</td>\n","      <td>0.091490</td>\n","      <td>0.099087</td>\n","      <td>0.040411</td>\n","      <td>0.045732</td>\n","      <td>0.848543</td>\n","      <td>0.067820</td>\n","    </tr>\n","    <tr>\n","      <th>흡연</th>\n","      <td>-0.047990</td>\n","      <td>0.340731</td>\n","      <td>0.189827</td>\n","      <td>0.066928</td>\n","      <td>0.023261</td>\n","      <td>0.022724</td>\n","      <td>0.009540</td>\n","      <td>-0.006881</td>\n","      <td>1.000000</td>\n","      <td>0.339448</td>\n","      <td>0.023804</td>\n","      <td>-0.017969</td>\n","      <td>-0.028211</td>\n","      <td>0.889993</td>\n","      <td>0.281913</td>\n","      <td>-0.005517</td>\n","      <td>0.014181</td>\n","    </tr>\n","    <tr>\n","      <th>음주</th>\n","      <td>-0.026675</td>\n","      <td>0.170944</td>\n","      <td>0.094175</td>\n","      <td>0.067080</td>\n","      <td>0.030900</td>\n","      <td>0.038927</td>\n","      <td>0.036357</td>\n","      <td>0.009715</td>\n","      <td>0.339448</td>\n","      <td>1.000000</td>\n","      <td>0.025121</td>\n","      <td>-0.009651</td>\n","      <td>0.014760</td>\n","      <td>0.302365</td>\n","      <td>0.891154</td>\n","      <td>0.017000</td>\n","      <td>0.011890</td>\n","    </tr>\n","    <tr>\n","      <th>신체활동</th>\n","      <td>-0.007518</td>\n","      <td>0.004677</td>\n","      <td>-0.009684</td>\n","      <td>-0.017981</td>\n","      <td>-0.000665</td>\n","      <td>0.001492</td>\n","      <td>0.009915</td>\n","      <td>-0.006806</td>\n","      <td>0.023804</td>\n","      <td>0.025121</td>\n","      <td>1.000000</td>\n","      <td>-0.033457</td>\n","      <td>-0.013945</td>\n","      <td>0.019363</td>\n","      <td>0.020571</td>\n","      <td>-0.001839</td>\n","      <td>-0.002108</td>\n","    </tr>\n","    <tr>\n","      <th>label</th>\n","      <td>0.243478</td>\n","      <td>0.004545</td>\n","      <td>-0.013220</td>\n","      <td>0.181369</td>\n","      <td>0.428702</td>\n","      <td>0.340457</td>\n","      <td>0.221720</td>\n","      <td>0.091490</td>\n","      <td>-0.017969</td>\n","      <td>-0.009651</td>\n","      <td>-0.033457</td>\n","      <td>1.000000</td>\n","      <td>0.165462</td>\n","      <td>0.017894</td>\n","      <td>0.019920</td>\n","      <td>0.159146</td>\n","      <td>0.323632</td>\n","    </tr>\n","    <tr>\n","      <th>BMI</th>\n","      <td>0.084819</td>\n","      <td>-0.097685</td>\n","      <td>-0.294092</td>\n","      <td>0.763848</td>\n","      <td>0.233594</td>\n","      <td>0.208569</td>\n","      <td>0.142676</td>\n","      <td>0.099087</td>\n","      <td>-0.028211</td>\n","      <td>0.014760</td>\n","      <td>-0.013945</td>\n","      <td>0.165462</td>\n","      <td>1.000000</td>\n","      <td>-0.010531</td>\n","      <td>0.031147</td>\n","      <td>0.121432</td>\n","      <td>0.158013</td>\n","    </tr>\n","    <tr>\n","      <th>콜흡</th>\n","      <td>-0.021448</td>\n","      <td>0.296663</td>\n","      <td>0.168638</td>\n","      <td>0.078456</td>\n","      <td>0.045341</td>\n","      <td>0.043760</td>\n","      <td>0.143484</td>\n","      <td>0.040411</td>\n","      <td>0.889993</td>\n","      <td>0.302365</td>\n","      <td>0.019363</td>\n","      <td>0.017894</td>\n","      <td>-0.010531</td>\n","      <td>1.000000</td>\n","      <td>0.323137</td>\n","      <td>0.089949</td>\n","      <td>0.028067</td>\n","    </tr>\n","    <tr>\n","      <th>콜음</th>\n","      <td>-0.003278</td>\n","      <td>0.142030</td>\n","      <td>0.078702</td>\n","      <td>0.079118</td>\n","      <td>0.051258</td>\n","      <td>0.057467</td>\n","      <td>0.144686</td>\n","      <td>0.045732</td>\n","      <td>0.281913</td>\n","      <td>0.891154</td>\n","      <td>0.020571</td>\n","      <td>0.019920</td>\n","      <td>0.031147</td>\n","      <td>0.323137</td>\n","      <td>1.000000</td>\n","      <td>0.093343</td>\n","      <td>0.025373</td>\n","    </tr>\n","    <tr>\n","      <th>콜포</th>\n","      <td>0.135889</td>\n","      <td>-0.036415</td>\n","      <td>-0.036858</td>\n","      <td>0.120268</td>\n","      <td>0.142021</td>\n","      <td>0.118060</td>\n","      <td>0.795073</td>\n","      <td>0.848543</td>\n","      <td>-0.005517</td>\n","      <td>0.017000</td>\n","      <td>-0.001839</td>\n","      <td>0.159146</td>\n","      <td>0.121432</td>\n","      <td>0.089949</td>\n","      <td>0.093343</td>\n","      <td>1.000000</td>\n","      <td>0.103022</td>\n","    </tr>\n","    <tr>\n","      <th>차</th>\n","      <td>0.169789</td>\n","      <td>0.026696</td>\n","      <td>-0.006820</td>\n","      <td>0.174544</td>\n","      <td>0.825878</td>\n","      <td>0.182192</td>\n","      <td>0.140854</td>\n","      <td>0.067820</td>\n","      <td>0.014181</td>\n","      <td>0.011890</td>\n","      <td>-0.002108</td>\n","      <td>0.323632</td>\n","      <td>0.158013</td>\n","      <td>0.028067</td>\n","      <td>0.025373</td>\n","      <td>0.103022</td>\n","      <td>1.000000</td>\n","    </tr>\n","  </tbody>\n","</table>\n","</div>\n","      <button class=\"colab-df-convert\" onclick=\"convertToInteractive('df-caa8ffe8-bdbc-447a-a130-ea2e16251cea')\"\n","              title=\"Convert this dataframe to an interactive table.\"\n","              style=\"display:none;\">\n","        \n","  <svg xmlns=\"http://www.w3.org/2000/svg\" height=\"24px\"viewBox=\"0 0 24 24\"\n","       width=\"24px\">\n","    <path d=\"M0 0h24v24H0V0z\" fill=\"none\"/>\n","    <path d=\"M18.56 5.44l.94 2.06.94-2.06 2.06-.94-2.06-.94-.94-2.06-.94 2.06-2.06.94zm-11 1L8.5 8.5l.94-2.06 2.06-.94-2.06-.94L8.5 2.5l-.94 2.06-2.06.94zm10 10l.94 2.06.94-2.06 2.06-.94-2.06-.94-.94-2.06-.94 2.06-2.06.94z\"/><path d=\"M17.41 7.96l-1.37-1.37c-.4-.4-.92-.59-1.43-.59-.52 0-1.04.2-1.43.59L10.3 9.45l-7.72 7.72c-.78.78-.78 2.05 0 2.83L4 21.41c.39.39.9.59